729910	448674
729910	455784
729910	486006
729910	629379
729910	629941
729910	687219
729910	725909
729910	867231
729910	877558
877558	11779
877558	40274
877558	162633
877558	211547
877558	286373
877558	302847
877558	312725
877558	366597
877558	381344
877558	398639
877558	402132
877558	420385
877558	424266
877558	455784
877558	481352
877558	486006
877558	496670
877558	519184
877558	567426
877558	606865
877558	687219
877558	756069
877558	870064
877558	908350
59	236155
59	476667
59	530002
59	639662
59	858556
236155	639662
476667	236155
476667	530002
476667	639662
530002	236155
530002	639662
639662	110507
639662	206007
639662	236155
639662	332618
639662	399713
639662	530002
639662	858556
858556	59
858556	236155
858556	442905
858556	476667
858556	530002
858556	577691
858556	639662
60	308674
60	362947
60	736699
308674	510713
308674	736699
308674	836735
362947	308674
362947	736699
736699	41909
736699	61957
736699	103323
736699	362947
736699	364067
736699	408590
736699	461894
736699	469152
736699	510713
736699	633314
736699	767267
736699	790598
736699	793910
736699	833752
736699	836735
736699	869334
62	191810
62	325393
62	455181
62	496487
62	635838
62	805946
62	823884
62	837891
62	873588
62	904695
191810	256479
191810	618824
191810	805946
191810	866428
191810	911239
325393	191810
325393	454979
325393	496487
325393	635838
325393	805946
325393	823884
325393	827981
325393	832640
325393	837891
325393	871440
325393	873588
455181	183501
455181	191810
455181	314661
455181	699471
455181	805946
455181	846767
455181	903892
455181	911239
455181	912370
496487	191810
496487	325393
496487	454979
496487	635838
496487	805946
496487	823884
496487	827981
496487	832640
496487	837891
496487	871440
496487	873588
635838	191810
635838	325393
635838	454979
635838	496487
635838	805946
635838	823884
635838	827981
635838	832640
635838	837891
635838	871440
635838	873588
805946	191810
805946	256479
805946	618824
805946	866428
805946	911239
823884	32007
823884	191810
823884	454979
823884	455181
823884	805946
823884	844706
823884	873588
823884	904695
837891	191810
837891	454979
837891	455181
837891	805946
837891	873588
873588	191810
873588	325393
873588	454979
873588	496487
873588	635838
873588	805946
873588	823884
873588	827981
873588	832640
873588	837891
873588	871440
904695	191810
904695	805946
63	43416
63	839683
63	864162
63	896811
43416	17047
43416	125969
43416	385868
43416	470839
43416	594133
43416	722625
43416	822742
43416	840229
43416	896811
839683	399186
839683	401880
839683	768050
839683	896811
864162	399186
864162	896811
64	21682
64	813327
21682	14619
21682	39469
21682	48630
21682	145205
21682	191902
21682	198191
21682	203507
21682	203834
21682	209428
21682	231893
21682	256910
21682	344458
21682	381464
21682	400660
21682	441587
21682	502979
21682	606407
21682	636250
21682	720120
21682	770106
21682	818384
21682	830070
21682	863299
21682	877059
21682	879894
813327	21682
813327	486281
813327	629364
813327	671848
813327	683729
813327	687948
65	363978
65	828021
363978	19323
363978	44361
363978	75641
363978	105301
363978	140386
363978	210680
363978	272000
363978	274045
363978	309976
363978	328774
363978	349533
363978	390659
363978	449125
363978	494333
363978	525493
363978	587935
363978	612145
363978	727946
363978	871952
363978	888032
67	911557
67	911764
911557	274269
911557	911764
911764	911557
68	85372
68	286245
68	287318
68	509001
68	653315
68	759364
68	874174
68	885496
68	895388
68	913298
85372	215336
85372	286245
85372	287318
85372	509001
85372	617999
85372	653315
85372	759364
85372	874174
85372	885496
85372	913298
286245	85372
286245	218920
286245	287318
286245	509001
286245	606730
286245	653315
286245	661666
286245	706487
286245	759364
286245	874174
286245	885496
286245	913298
287318	85372
287318	218920
287318	239820
287318	250118
287318	286245
287318	451993
287318	470510
287318	509001
287318	544762
287318	653315
287318	759364
287318	768192
287318	874174
287318	885496
509001	85372
509001	123336
509001	145289
509001	244563
509001	286245
509001	287318
509001	319064
509001	507175
509001	653315
509001	759364
509001	833377
509001	874174
509001	885496
653315	71420
653315	85372
653315	286245
653315	287318
653315	335855
653315	509001
653315	617999
653315	705934
653315	759364
653315	773878
653315	874174
653315	885496
653315	910719
759364	49295
759364	56657
759364	75454
759364	85372
759364	218920
759364	286245
759364	287318
759364	298634
759364	371712
759364	509001
759364	653315
759364	874174
759364	885496
874174	65303
874174	85372
874174	122149
874174	233600
874174	286245
874174	287318
874174	295123
874174	509001
874174	591776
874174	614252
874174	653315
874174	675363
874174	699187
874174	753408
874174	759364
874174	764002
874174	867214
874174	885496
885496	76223
885496	85372
885496	286245
885496	287318
885496	287653
885496	509001
885496	653315
885496	759364
885496	874174
895388	85372
895388	286245
895388	287318
895388	509001
895388	653315
895388	759364
895388	874174
895388	885496
913298	85372
913298	286245
913298	287318
913298	509001
913298	653315
913298	759364
913298	874174
913298	885496
913298	886706
69	666573
69	898951
666573	321918
666573	711619
666573	898951
898951	666573
71	60070
71	162316
71	167423
71	186908
71	197012
71	228499
71	287762
71	303979
71	356332
71	374743
71	383195
71	402157
71	522020
71	524207
71	596972
71	604497
71	619588
71	657764
71	668223
71	698533
71	705695
71	856127
162316	71
162316	167423
162316	197012
162316	238235
162316	287762
162316	303979
162316	523892
162316	544331
162316	577293
162316	596972
162316	602900
162316	619588
162316	638173
162316	698533
162316	811783
167423	71
167423	287762
167423	428360
167423	596972
167423	619588
186908	71
186908	325889
186908	659866
186908	682080
186908	687123
197012	71
197012	167423
197012	287762
197012	461469
197012	498253
197012	544331
197012	577293
197012	596972
197012	619588
197012	678328
228499	71
228499	55108
228499	60070
228499	62385
228499	183519
228499	186908
228499	477111
228499	522020
228499	524207
228499	566562
228499	596972
228499	604497
228499	619588
228499	705695
228499	775068
228499	802853
228499	817957
228499	856127
228499	910516
287762	71
287762	167423
287762	174649
287762	186908
287762	228499
287762	238235
287762	432298
287762	522020
287762	524207
287762	544331
287762	566562
287762	596972
287762	604497
287762	619588
287762	625710
287762	698533
287762	705695
287762	757793
303979	71
303979	46204
303979	60070
303979	187798
303979	197012
303979	228499
303979	374743
303979	473024
303979	522020
303979	523892
303979	524207
303979	596972
303979	604497
303979	619588
303979	657764
303979	705695
356332	71
356332	146805
356332	167423
356332	238235
356332	287762
356332	383195
356332	544331
356332	596972
356332	602900
356332	619588
356332	657764
356332	668223
356332	693385
356332	705695
356332	798570
374743	71
374743	57139
374743	60070
374743	228499
374743	229596
374743	383195
374743	444609
374743	475298
374743	508060
374743	522020
374743	524207
374743	596972
374743	604497
374743	619588
374743	698994
374743	705695
374743	757793
374743	782453
374743	856127
374743	874552
383195	71
383195	46204
383195	66488
383195	268974
383195	458673
383195	596972
383195	746357
402157	15911
402157	139866
402157	157626
402157	174429
402157	412636
402157	596972
402157	688736
402157	696742
402157	726181
402157	831749
402157	857993
402157	873003
402157	889430
522020	71
522020	46204
522020	55108
522020	60070
522020	62385
522020	228499
522020	272961
522020	303979
522020	374743
522020	431385
522020	498253
522020	501083
522020	523892
522020	524207
522020	564519
522020	596972
522020	604497
522020	619588
522020	696518
522020	705695
522020	743376
522020	778977
522020	856127
522020	867458
524207	71
524207	60070
524207	62385
524207	228499
524207	263243
524207	282351
524207	383195
524207	431385
524207	454121
524207	522020
524207	552604
524207	596972
524207	604497
524207	619588
524207	623030
524207	644497
524207	689622
524207	705695
524207	748305
524207	775364
524207	802853
524207	856127
524207	867458
524207	891283
596972	8969
596972	17858
596972	62252
596972	75664
596972	95858
596972	105519
596972	169850
596972	172882
596972	291148
596972	310630
596972	317298
596972	408802
596972	428360
596972	435393
596972	462194
596972	490559
596972	507493
596972	526202
596972	537852
596972	542321
596972	564839
596972	576537
596972	582823
596972	615460
596972	631922
596972	645202
596972	705814
596972	737108
596972	744118
596972	754732
596972	783196
596972	841464
596972	846924
596972	861899
596972	867674
604497	224469
604497	288719
604497	309545
604497	384452
604497	461469
604497	481353
604497	605859
604497	698533
604497	827415
619588	71
619588	38034
657764	71
657764	162316
657764	167423
657764	197012
657764	238235
657764	287762
657764	335950
657764	356332
657764	383195
657764	544331
657764	567638
657764	596972
657764	604497
657764	619588
657764	696518
657764	698533
657764	703567
657764	811783
657764	856127
668223	71
668223	96851
668223	146805
668223	155575
668223	167423
668223	186908
668223	190912
668223	228499
668223	287762
668223	356332
668223	524207
668223	544331
668223	596972
668223	604497
668223	619588
668223	625710
668223	696518
668223	705695
668223	856127
698533	91141
698533	753324
698533	786440
705695	71
705695	10440
705695	311608
705695	368138
705695	481941
705695	509311
705695	596972
856127	71
856127	167423
856127	287762
856127	596972
856127	619588
73	26122
73	230467
73	284455
73	551066
73	562097
73	572646
73	593636
73	698123
73	729602
73	774715
73	783198
73	844619
26122	89609
26122	100758
26122	172676
26122	230467
26122	284455
26122	551066
26122	572646
26122	593636
26122	605629
26122	698123
26122	783198
230467	26122
230467	89609
230467	284455
230467	551066
230467	572646
230467	593636
230467	605629
230467	698123
230467	783198
284455	89609
284455	230467
284455	551066
284455	562097
284455	572646
284455	593636
284455	605629
284455	698123
284455	729602
284455	783198
551066	26122
551066	89609
551066	230467
551066	260675
551066	284455
551066	562097
551066	572646
551066	593636
551066	605629
551066	698123
551066	783198
551066	844619
562097	73
562097	230467
562097	284455
562097	551066
562097	572646
562097	586024
562097	593636
562097	698123
562097	782128
562097	783198
572646	73
572646	7314
572646	226374
572646	230467
572646	284455
572646	324502
572646	551066
572646	593636
572646	698123
572646	729602
572646	783198
593636	26122
593636	89609
593636	230467
593636	284455
593636	551066
593636	572646
593636	605629
593636	698123
593636	783198
698123	26122
698123	89609
698123	230467
698123	284455
698123	551066
698123	562097
698123	572646
698123	593636
698123	605629
698123	729602
698123	774715
698123	783198
698123	844619
729602	73
729602	61623
729602	104997
729602	145278
729602	159433
729602	230467
729602	284455
729602	341702
729602	543568
729602	551066
729602	572646
729602	593636
729602	698123
729602	717075
729602	729030
729602	736908
729602	775550
729602	783198
729602	807539
729602	850176
729602	896155
774715	698123
783198	26122
783198	89609
783198	230467
783198	284455
783198	373128
783198	551066
783198	572646
783198	593636
783198	605629
783198	698123
783198	729602
783198	891173
844619	56794
844619	104426
844619	698123
74	25293
74	80625
74	95971
74	180386
74	226374
74	276467
74	288377
74	362529
74	380459
74	383198
74	441746
74	515708
74	571442
74	727588
74	859848
74	880658
25293	76437
25293	107010
25293	146582
25293	225412
25293	226374
25293	247497
25293	255754
25293	266071
25293	419302
25293	426126
25293	444611
25293	590635
25293	660286
25293	748607
25293	758854
25293	761405
25293	824744
25293	879122
80625	74
80625	180386
80625	226374
80625	288377
80625	383198
80625	429520
80625	506610
80625	571442
80625	727588
80625	859848
80625	883659
80625	891709
180386	74
180386	80625
180386	226374
180386	288377
180386	383198
180386	571442
180386	727588
180386	859848
288377	226374
288377	274829
288377	373016
288377	382272
288377	442293
288377	516346
288377	563841
288377	747322
288377	792822
362529	226374
362529	906017
383198	74
383198	80625
383198	180386
383198	226374
383198	288377
383198	571442
383198	727588
383198	859848
571442	60841
571442	226374
571442	254872
571442	288377
571442	584866
571442	790476
571442	891709
727588	74
727588	80625
727588	180386
727588	226374
727588	288377
727588	383198
727588	571442
727588	859848
859848	74
859848	80625
859848	180386
859848	226374
859848	288377
859848	383198
859848	564845
859848	571442
859848	727588
859848	902873
880658	226374
76	99585
76	163075
76	410616
76	540981
76	588614
76	591684
76	601010
76	831420
76	867106
99585	163075
99585	301614
99585	392071
99585	588614
99585	699434
99585	714055
99585	831420
99585	853093
99585	906748
163075	52073
163075	66413
163075	140086
163075	143674
163075	150634
163075	156398
163075	164348
163075	169642
163075	227662
163075	230784
163075	244319
163075	314974
163075	347085
163075	394956
163075	436922
163075	437464
163075	460833
163075	531818
163075	538710
163075	570692
163075	588612
163075	591475
163075	624300
163075	625290
163075	638031
163075	639446
163075	654034
163075	729374
163075	735770
163075	761488
163075	766583
163075	804489
163075	837099
163075	858447
163075	875368
163075	905421
410616	41804
410616	53946
410616	163075
410616	224583
410616	269383
410616	300132
410616	349798
410616	491205
410616	531584
410616	588614
410616	643958
410616	711202
410616	749650
410616	751512
410616	776450
410616	810538
410616	831420
410616	895925
540981	76
540981	19553
540981	59432
540981	149446
540981	163075
540981	219857
540981	297986
540981	358498
540981	408344
540981	466100
540981	588614
540981	831420
540981	844815
540981	855701
588614	93372
588614	126859
588614	153819
588614	163075
588614	263789
588614	342983
588614	360321
588614	429013
588614	547212
588614	553433
588614	555465
588614	573860
588614	623644
588614	639779
588614	707438
588614	817698
588614	831420
588614	862197
588614	911899
591684	8207
591684	36203
591684	163075
591684	167113
591684	278445
591684	304539
591684	325781
591684	389146
591684	482573
591684	582474
591684	588614
591684	604708
591684	680018
591684	685480
591684	737691
591684	781313
591684	795445
591684	831420
591684	835113
601010	98515
601010	163075
601010	191911
601010	280050
601010	484811
601010	588614
601010	636690
601010	689274
601010	716316
601010	810110
601010	831420
831420	56175
831420	66413
831420	101043
831420	126029
831420	137247
831420	163075
831420	182256
831420	215257
831420	222409
831420	319086
831420	489099
831420	490562
831420	590763
831420	591475
831420	610697
831420	634698
831420	649197
831420	687032
831420	762610
831420	834129
831420	856984
831420	882472
867106	18291
867106	26454
867106	62265
867106	114041
867106	163075
867106	206014
867106	243929
867106	304538
867106	304539
867106	342262
867106	383650
867106	423494
867106	466100
867106	588614
867106	640783
867106	731741
867106	831420
867106	893339
867106	908158
77	596972
77	636781
636781	77
636781	596972
636781	631826
78	46428
78	201303
78	252752
78	367276
78	369096
78	383339
78	500174
78	533825
78	564741
78	566645
78	616707
78	664116
78	852428
78	867684
78	901572
201303	78
201303	566645
201303	867684
201303	883447
252752	78
369096	78
533825	902762
566645	565404
566645	902762
664116	902762
867684	564741
867684	902762
901572	78
79	59004
79	132769
79	191990
79	216188
79	225950
79	320030
79	472531
79	542323
79	548392
79	564740
79	593541
79	684191
79	703547
79	709644
79	749759
79	761601
79	819977
79	841920
79	866638
59004	132769
59004	169197
59004	187549
59004	191990
59004	206450
59004	216188
59004	221048
59004	225950
59004	320030
59004	472531
59004	542323
59004	548392
59004	564740
59004	593541
59004	684191
59004	703547
59004	709644
59004	761601
59004	819977
59004	841920
59004	866638
59004	870921
132769	59004
132769	108455
132769	191990
132769	216188
132769	225950
132769	320030
132769	472531
132769	475184
132769	542323
132769	548392
132769	564740
132769	593541
132769	684191
132769	703547
132769	709644
132769	761601
132769	819977
132769	841920
132769	866638
191990	201200
191990	202411
191990	207100
191990	235265
191990	262877
191990	270056
191990	275480
191990	343743
191990	393540
191990	407359
191990	412537
191990	446515
191990	457119
191990	495507
191990	567722
191990	573420
191990	594889
191990	610105
191990	762917
191990	798895
191990	855235
216188	59004
216188	132769
216188	160113
216188	169197
216188	191990
216188	201200
216188	225950
216188	320030
216188	472531
216188	542323
216188	548392
216188	564740
216188	593541
216188	684191
216188	703547
216188	709644
216188	761601
216188	796738
216188	819977
216188	841920
216188	856543
216188	866638
225950	43934
225950	59004
225950	77723
225950	97401
225950	117668
225950	132769
225950	186306
225950	191990
225950	216188
225950	320030
225950	332279
225950	362505
225950	372164
225950	472531
225950	526649
225950	542323
225950	548392
225950	564740
225950	593541
225950	636359
225950	649715
225950	684191
225950	703547
225950	709644
225950	751385
225950	761601
225950	819977
225950	823682
225950	841920
225950	856321
225950	863154
225950	866638
225950	871049
320030	59004
320030	132769
320030	176599
320030	191990
320030	201200
320030	216188
320030	225950
320030	235509
320030	276338
320030	302504
320030	312525
320030	440082
320030	472531
320030	491505
320030	542323
320030	544434
320030	548392
320030	564740
320030	593541
320030	684191
320030	703547
320030	709644
320030	723249
320030	761601
320030	777605
320030	796738
320030	819977
320030	841920
320030	856543
320030	861025
320030	866638
472531	59004
472531	132769
472531	191990
472531	216188
472531	225950
472531	320030
472531	542323
472531	548392
472531	564740
472531	593541
472531	684191
472531	703547
472531	709644
472531	761601
472531	819977
472531	841920
472531	866638
542323	59004
542323	132769
542323	191990
542323	216188
542323	225950
542323	320030
542323	472531
542323	548392
542323	564740
542323	593541
542323	684191
542323	703547
542323	709644
542323	761601
542323	819977
542323	841920
542323	866638
548392	59004
548392	132769
548392	191990
548392	216188
548392	225950
548392	320030
548392	472531
548392	542323
548392	564740
548392	593541
548392	594889
548392	630113
548392	641589
548392	684191
548392	703547
548392	709644
548392	761601
548392	819977
548392	841920
548392	866638
564740	43934
564740	59004
564740	77723
564740	97401
564740	108455
564740	117668
564740	132769
564740	176599
564740	186306
564740	187549
564740	191990
564740	201200
564740	206450
564740	216188
564740	225950
564740	235509
564740	276338
564740	302504
564740	312525
564740	320030
564740	332279
564740	362505
564740	372164
564740	420782
564740	440082
564740	451360
564740	472531
564740	475184
564740	491505
564740	526649
564740	542323
564740	548392
564740	593541
564740	636359
564740	649715
564740	684191
564740	703547
564740	709644
564740	723249
564740	751385
564740	761601
564740	777605
564740	784060
564740	784876
564740	796738
564740	819977
564740	820566
564740	823682
564740	841920
564740	856321
564740	861025
564740	863154
564740	866638
564740	870921
564740	871049
564740	908576
593541	59004
593541	132769
593541	191990
593541	216188
593541	225950
593541	244908
593541	320030
593541	472531
593541	542323
593541	548392
593541	564740
593541	610105
593541	684191
593541	703547
593541	709644
593541	718882
593541	761601
593541	819977
593541	841920
593541	866638
684191	59004
684191	132769
684191	191990
684191	216188
684191	225950
684191	320030
684191	472531
684191	542323
684191	548392
684191	564740
684191	593541
684191	703547
684191	709644
684191	761601
684191	819977
684191	841920
684191	866638
703547	59004
703547	132769
703547	191990
703547	216188
703547	225950
703547	320030
703547	472531
703547	542323
703547	548392
703547	564740
703547	593541
703547	641589
703547	684191
703547	709644
703547	761601
703547	819977
703547	841920
703547	866638
709644	59004
709644	132769
709644	191990
709644	216188
709644	225950
709644	320030
709644	420782
709644	472531
709644	526649
709644	542323
709644	548392
709644	564740
709644	593541
709644	684191
709644	703547
709644	761601
709644	819977
709644	841920
709644	866638
709644	908576
749759	59004
749759	132769
749759	191990
749759	216188
749759	225950
749759	320030
749759	472531
749759	542323
749759	548392
749759	564740
749759	593541
749759	684191
749759	703547
749759	709644
749759	761601
749759	819977
749759	841920
749759	866638
761601	59004
761601	132769
761601	191990
761601	216188
761601	225950
761601	320030
761601	472531
761601	542323
761601	548392
761601	564740
761601	593541
761601	684191
761601	703547
761601	709644
761601	819977
761601	841920
761601	866638
819977	191990
819977	573420
819977	610105
819977	762917
819977	801782
819977	855235
841920	59004
841920	132769
841920	191990
841920	216188
841920	225950
841920	320030
841920	472531
841920	542323
841920	548392
841920	564740
841920	593541
841920	684191
841920	703547
841920	709644
841920	761601
841920	784060
841920	784876
841920	819977
841920	866638
866638	59004
866638	97401
866638	132769
866638	191990
866638	206450
866638	216188
866638	225950
866638	315948
866638	320030
866638	451360
866638	472531
866638	542323
866638	548392
866638	564740
866638	567727
866638	684191
866638	703547
866638	709644
866638	761601
866638	819977
866638	830740
866638	841920
866638	870921
81	231757
231757	214651
231757	270881
231757	353654
231757	367946
231757	456003
231757	575011
231757	578295
231757	592012
231757	599265
231757	646796
231757	712732
231757	743929
231757	749226
231757	750293
231757	788438
231757	817233
231757	848933
231757	880371
231757	910851
82	279176
82	630850
82	650279
279176	82
279176	630850
279176	650279
630850	82
630850	279176
630850	650279
650279	82
650279	279176
650279	630850
83	335098
335098	71662
335098	87319
335098	298935
335098	315322
335098	329361
335098	377132
335098	525713
335098	614487
335098	658075
335098	716738
335098	912862
84	101006
84	147162
84	262316
84	325667
84	772466
84	799322
84	859399
84	908356
101006	147162
101006	262316
101006	325667
101006	432149
101006	448711
101006	517626
101006	627839
101006	799322
101006	859399
147162	101006
147162	262316
147162	325667
147162	390017
147162	432149
147162	471362
147162	772466
147162	799322
147162	843043
147162	853999
147162	859399
262316	9902
262316	101006
262316	147162
262316	325667
262316	500397
262316	585757
262316	772466
262316	799322
262316	859399
325667	101006
325667	323708
325667	448486
325667	480404
325667	541097
325667	562507
325667	635686
325667	772466
325667	890110
772466	196253
772466	582219
772466	670277
799322	37478
799322	101006
799322	125808
799322	143418
799322	147162
799322	262316
799322	325667
799322	335434
799322	414580
799322	432149
799322	500397
799322	517626
799322	585757
799322	624772
799322	640076
799322	772466
799322	859399
859399	84
859399	9902
859399	60543
859399	101006
859399	125808
859399	143418
859399	147162
859399	262316
859399	325667
859399	335434
859399	398982
859399	414580
859399	432149
859399	434267
859399	500397
859399	517626
859399	543803
859399	585757
859399	691190
859399	745434
859399	772466
859399	799322
859399	874856
859399	903755
859399	908169
908356	101006
908356	147162
908356	433713
908356	772466
908356	800083
85	17093
85	29338
85	43515
85	80527
85	102669
85	105956
85	109485
85	224718
85	265669
85	302064
85	302564
85	357073
85	382911
85	444796
85	593321
85	622842
85	683587
85	702328
85	759848
85	801074
85	809163
85	906432
85	909528
85	914056
17093	85
17093	24891
17093	29338
17093	38599
17093	43515
17093	80527
17093	83461
17093	102669
17093	105956
17093	109485
17093	132564
17093	215883
17093	288716
17093	302064
17093	444796
17093	605435
17093	620817
17093	625711
17093	728389
17093	748217
17093	824601
17093	838098
17093	906432
29338	85
29338	17093
29338	43515
29338	80527
29338	102669
29338	105956
29338	109485
29338	133192
29338	175845
29338	261657
29338	302064
29338	349389
29338	444796
29338	757278
29338	824156
29338	852127
29338	906432
29338	907517
29338	915266
43515	85
43515	17093
43515	29338
43515	78374
43515	80527
43515	102669
43515	105460
43515	105956
43515	109485
43515	164995
43515	174452
43515	209672
43515	227143
43515	268378
43515	302064
43515	371876
43515	381637
43515	444796
43515	472143
43515	711956
43515	734280
43515	736566
43515	829094
43515	845951
43515	890259
43515	906432
43515	914702
80527	85
80527	15018
80527	17093
80527	29338
80527	43515
80527	59912
80527	102669
80527	105956
80527	109485
80527	110694
80527	302064
80527	352322
80527	434577
80527	438209
80527	444796
80527	530439
80527	715788
80527	815473
80527	836578
80527	906432
102669	85
102669	17093
102669	29338
102669	43515
102669	80527
102669	105956
102669	109485
102669	130784
102669	264427
102669	285623
102669	302064
102669	438505
102669	444796
102669	467572
102669	492321
102669	864802
102669	887810
102669	906432
105956	85
105956	17093
105956	29338
105956	39378
105956	43515
105956	67606
105956	71762
105956	80527
105956	102669
105956	109485
105956	183167
105956	254465
105956	302064
105956	344776
105956	395068
105956	399310
105956	403153
105956	444796
105956	595976
105956	749291
105956	768897
105956	870276
105956	906432
109485	85
109485	5336
109485	17093
109485	29338
109485	43515
109485	80527
109485	102669
109485	105956
109485	149484
109485	155396
109485	302064
109485	341740
109485	342892
109485	395279
109485	434481
109485	444796
109485	499140
109485	512753
109485	512831
109485	565454
109485	707821
109485	711725
109485	762848
109485	817862
109485	862589
109485	906432
224718	85
224718	12423
224718	164995
224718	254465
224718	265669
224718	302564
224718	342892
224718	357073
224718	382911
224718	593321
224718	622842
224718	682655
224718	683587
224718	702328
224718	759848
224718	801074
224718	887810
224718	909528
224718	914056
265669	85
265669	224718
265669	302564
265669	357073
265669	382911
265669	593321
265669	622842
265669	683587
265669	702328
265669	759848
265669	801074
265669	909528
265669	914056
302064	85
302064	5899
302064	12423
302064	17093
302064	29338
302064	43515
302064	80527
302064	100238
302064	102669
302064	105956
302064	109485
302064	186427
302064	221885
302064	274292
302064	383890
302064	434577
302064	444796
302064	479937
302064	492562
302064	506445
302064	531406
302064	573009
302064	610103
302064	686829
302064	730792
302064	739548
302064	768567
302064	826260
302064	829672
302064	906432
302064	911165
302064	911188
302564	85
302564	149484
302564	159204
302564	215883
302564	224718
302564	265669
302564	357073
302564	382911
302564	438209
302564	467572
302564	573009
302564	593321
302564	622842
302564	683587
302564	702328
302564	759848
302564	801074
302564	824156
302564	845951
302564	870276
302564	909528
302564	914056
357073	85
357073	5336
357073	224718
357073	265669
357073	302564
357073	382911
357073	438505
357073	593321
357073	595976
357073	622842
357073	683587
357073	686829
357073	702328
357073	711956
357073	759848
357073	801074
357073	907517
357073	909528
357073	914056
382911	85
382911	224718
382911	265669
382911	302564
382911	357073
382911	371876
382911	399310
382911	508302
382911	512831
382911	530439
382911	593321
382911	622842
382911	683587
382911	702328
382911	748217
382911	759848
382911	768567
382911	801074
382911	819972
382911	852127
382911	864802
382911	909528
382911	914056
444796	85
444796	1648
444796	17093
444796	29338
444796	43515
444796	80527
444796	105956
444796	109485
444796	133192
444796	302064
444796	492562
444796	531406
444796	591802
444796	696665
444796	719101
444796	750731
444796	792387
444796	906432
593321	85
593321	78374
593321	100238
593321	132564
593321	148484
593321	224718
593321	261657
593321	265669
593321	302564
593321	344776
593321	352322
593321	357073
593321	382911
593321	492321
593321	622842
593321	683587
593321	702328
593321	707821
593321	759848
593321	801074
593321	815473
593321	909528
593321	914056
622842	85
622842	24891
622842	140823
622842	155396
622842	209672
622842	224718
622842	265669
622842	302564
622842	357073
622842	382911
622842	479937
622842	593321
622842	683587
622842	702328
622842	759848
622842	801074
622842	909528
622842	914056
683587	85
683587	224718
683587	265669
683587	274292
683587	302564
683587	357073
683587	382911
683587	472143
683587	537762
683587	565454
683587	593321
683587	622842
683587	625711
683587	702328
683587	730792
683587	759848
683587	801074
683587	909528
683587	914056
702328	85
702328	83461
702328	91920
702328	110694
702328	174452
702328	224718
702328	265669
702328	302564
702328	357073
702328	382911
702328	593321
702328	622842
702328	683587
702328	759848
702328	762848
702328	801074
702328	829672
702328	909528
702328	914056
759848	85
759848	105460
759848	224718
759848	265669
759848	302564
759848	357073
759848	382911
759848	593321
759848	622842
759848	632491
759848	683587
759848	702328
759848	730792
759848	801074
759848	817862
759848	826260
759848	838098
759848	909528
759848	914056
801074	85
801074	224718
801074	265669
801074	302564
801074	327461
801074	357073
801074	382911
801074	512753
801074	593321
801074	605435
801074	622842
801074	683587
801074	702328
801074	734280
801074	739548
801074	759848
801074	909528
801074	914056
809163	85
809163	17093
809163	29338
809163	43515
809163	80527
809163	102669
809163	105956
809163	109485
809163	224718
809163	302064
809163	302564
809163	357073
809163	382911
809163	444796
809163	593321
809163	622842
809163	683587
809163	702328
809163	759848
809163	801074
809163	906432
809163	909528
809163	914056
906432	85
906432	17093
906432	29338
906432	43515
906432	80527
906432	102669
906432	105956
906432	109485
906432	133406
906432	148484
906432	198124
906432	203853
906432	204417
906432	232673
906432	302064
906432	434679
906432	444796
906432	470435
906432	508302
906432	900268
909528	85
909528	5899
909528	39378
909528	173336
909528	224718
909528	232673
909528	265669
909528	268378
909528	285623
909528	288716
909528	302564
909528	349389
909528	357073
909528	382911
909528	449807
909528	579169
909528	593321
909528	622842
909528	683587
909528	702328
909528	715788
909528	759848
909528	801074
909528	862589
909528	914056
914056	85
914056	15018
914056	63214
914056	224718
914056	227143
914056	264427
914056	265669
914056	302564
914056	357073
914056	382911
914056	383890
914056	403153
914056	434679
914056	593321
914056	620817
914056	622842
914056	683587
914056	702328
914056	711725
914056	759848
914056	801074
914056	909528
914056	915266
86	217042
86	669381
217042	445867
669381	132851
669381	217042
669381	342104
669381	382967
669381	469601
669381	551777
669381	645839
669381	792783
669381	794291
669381	869491
87	206333
87	479240
87	845230
206333	87
206333	270970
206333	350034
206333	479240
206333	845230
479240	206333
479240	270970
479240	845230
845230	479240
88	27920
88	95977
88	664679
88	707034
88	734679
88	828466
88	838295
88	841927
88	871379
88	899064
95977	88
95977	27920
95977	54699
95977	499157
95977	506774
95977	664679
95977	707034
95977	743077
95977	828466
95977	838295
95977	841927
95977	899064
664679	88
664679	27920
664679	95977
664679	707034
664679	828466
664679	838295
664679	841927
664679	871379
664679	899064
707034	88
707034	27920
707034	95977
707034	417728
707034	438493
707034	664679
707034	790804
707034	828466
707034	838295
707034	841927
707034	871379
707034	899064
734679	88
734679	27920
734679	95977
734679	664679
734679	707034
734679	828466
734679	838295
734679	841927
734679	899064
828466	88
828466	27920
828466	95977
828466	190621
828466	664679
828466	707034
828466	838295
828466	841927
828466	871379
828466	899064
838295	88
838295	27920
838295	95977
838295	664679
838295	707034
838295	828466
838295	841927
838295	899064
841927	88
841927	27920
841927	95977
841927	664679
841927	707034
841927	828466
841927	838295
841927	899064
871379	90724
871379	92281
871379	129993
871379	189281
871379	237826
871379	237881
871379	266807
871379	333489
871379	402677
871379	417728
871379	424471
871379	438493
871379	556179
871379	577621
871379	600594
871379	637478
871379	780870
871379	846865
899064	88
899064	728
899064	18138
899064	27920
899064	54699
899064	95977
899064	325790
899064	641514
899064	664679
899064	704192
899064	707034
899064	734679
899064	828466
899064	838295
899064	841927
899064	855474
899064	860256
899064	867224
899064	881196
89	19476
89	102352
89	133304
89	262769
89	281033
89	345509
89	379675
89	411227
89	452525
89	536428
89	580836
89	637590
89	671110
89	740951
89	749138
89	817585
89	849752
89	854120
19476	89
19476	15233
19476	21682
19476	32163
19476	47468
19476	54147
19476	74397
19476	102352
19476	133304
19476	154599
19476	163075
19476	172133
19476	185067
19476	239084
19476	240171
19476	258826
19476	262769
19476	268963
19476	277876
19476	281033
19476	298511
19476	321126
19476	323269
19476	345509
19476	347836
19476	379675
19476	396321
19476	398624
19476	402132
19476	411227
19476	425770
19476	427629
19476	434134
19476	438493
19476	440946
19476	452525
19476	461764
19476	485893
19476	486434
19476	495084
19476	502269
19476	529304
19476	531303
19476	537039
19476	543503
19476	558791
19476	580836
19476	605856
19476	632695
19476	636251
19476	637590
19476	647475
19476	671110
19476	684949
19476	687325
19476	700420
19476	718656
19476	740951
19476	749138
19476	754732
19476	764106
19476	772466
19476	818382
19476	828766
19476	849752
19476	854120
19476	861366
19476	862309
19476	871412
19476	881634
102352	133304
102352	345509
102352	411227
102352	452525
102352	580836
102352	671110
102352	854120
133304	102352
133304	307296
133304	345509
133304	411227
133304	452525
133304	456269
133304	471715
133304	580836
133304	653469
133304	671110
133304	793532
133304	854120
133304	855740
133304	901939
262769	89
262769	19476
262769	102352
262769	133304
262769	281033
262769	345509
262769	379675
262769	411227
262769	452525
262769	580836
262769	637590
262769	671110
262769	740951
262769	749138
262769	849752
262769	854120
262769	908351
281033	89
281033	19476
281033	102352
281033	133304
281033	262769
281033	345509
281033	379675
281033	411227
281033	452525
281033	580836
281033	637590
281033	671110
281033	740951
281033	749138
281033	849752
281033	854120
345509	89
345509	19476
345509	72539
345509	102352
345509	133304
345509	262769
345509	281033
345509	379675
345509	411227
345509	452525
345509	580836
345509	607928
345509	637590
345509	655522
345509	671110
345509	740951
345509	749138
345509	849752
345509	854120
345509	890957
345509	893246
345509	908351
379675	89
379675	19476
379675	102352
379675	133304
379675	262769
379675	281033
379675	345509
379675	411227
379675	452525
379675	580836
379675	637590
379675	671110
379675	740951
379675	749138
379675	849752
379675	854120
411227	102352
411227	133304
411227	345509
411227	452525
411227	580836
411227	671110
411227	854120
452525	9223
452525	102352
452525	133304
452525	345509
452525	404258
452525	411227
452525	456267
452525	482604
452525	580836
452525	600811
452525	671110
452525	854120
452525	876725
452525	890957
452525	893246
536428	26684
536428	27494
536428	40756
536428	56897
536428	75992
536428	209219
536428	308477
536428	537183
536428	565307
536428	636508
536428	639362
536428	683873
536428	697720
536428	737365
536428	751056
536428	770077
536428	786769
536428	862768
536428	914724
580836	102352
580836	133304
580836	345509
580836	411227
580836	452525
580836	671110
580836	854120
637590	89
637590	19476
637590	102352
637590	133304
637590	262769
637590	281033
637590	345509
637590	379675
637590	411227
637590	452525
637590	580836
637590	671110
637590	740951
637590	749138
637590	849752
637590	854120
671110	102352
671110	133304
671110	345509
671110	411227
671110	452525
671110	580836
671110	854120
740951	89
740951	19476
740951	102352
740951	133304
740951	262769
740951	281033
740951	345509
740951	379675
740951	411227
740951	452525
740951	580836
740951	637590
740951	671110
740951	749138
740951	849752
740951	854120
749138	89
749138	19476
749138	102352
749138	133304
749138	262769
749138	281033
749138	345509
749138	379675
749138	411227
749138	452525
749138	580836
749138	637590
749138	671110
749138	740951
749138	849752
749138	854120
817585	87322
817585	92934
817585	149455
817585	152163
817585	222306
817585	271559
817585	354256
817585	359178
817585	385034
817585	410025
817585	428250
817585	443246
817585	582831
817585	605516
817585	606629
817585	615168
817585	711909
817585	733159
817585	784050
817585	822625
817585	886633
817585	886951
849752	89
849752	19476
849752	72539
849752	102352
849752	133304
849752	262769
849752	281033
849752	345509
849752	379675
849752	411227
849752	452525
849752	580836
849752	637590
849752	671110
849752	740951
849752	749138
849752	854120
854120	102352
854120	133304
854120	345509
854120	411227
854120	452525
854120	580836
854120	671110
90	40573
90	87778
90	152376
90	157076
90	236583
90	336174
90	481608
90	487229
90	496029
90	532139
90	561434
90	620065
90	642997
90	682094
90	695805
90	721816
90	797941
90	821423
90	857520
40573	90
40573	87778
40573	152376
40573	157076
40573	236583
40573	336174
40573	481608
40573	487229
40573	496029
40573	532139
40573	561434
40573	620065
40573	642997
40573	682094
40573	695805
40573	721816
40573	797941
40573	821423
40573	857520
87778	90
87778	40573
87778	152376
87778	157076
87778	236583
87778	336174
87778	481608
87778	487229
87778	496029
87778	532139
87778	561434
87778	620065
87778	642997
87778	682094
87778	695805
87778	721816
87778	797941
87778	821423
87778	857520
152376	90
152376	40573
152376	87778
152376	157076
152376	236583
152376	336174
152376	481608
152376	487229
152376	496029
152376	532139
152376	561434
152376	620065
152376	642997
152376	682094
152376	695805
152376	721816
152376	797941
152376	821423
152376	857520
157076	90
157076	40573
157076	87778
157076	152376
157076	236583
157076	336174
157076	481608
157076	487229
157076	496029
157076	532139
157076	561434
157076	620065
157076	642997
157076	682094
157076	695805
157076	721816
157076	797941
157076	821423
157076	857520
236583	90
236583	40573
236583	87778
236583	152376
236583	157076
236583	336174
236583	481608
236583	487229
236583	496029
236583	532139
236583	561434
236583	620065
236583	642997
236583	682094
236583	695805
236583	721816
236583	797941
236583	821423
236583	857520
336174	90
336174	40573
336174	87778
336174	152376
336174	157076
336174	236583
336174	481608
336174	487229
336174	496029
336174	532139
336174	548100
336174	561434
336174	620065
336174	642997
336174	682094
336174	695805
336174	721816
336174	797941
336174	821423
336174	857520
481608	90
481608	40573
481608	87778
481608	152376
481608	157076
481608	236583
481608	336174
481608	472098
481608	487229
481608	496029
481608	526773
481608	532139
481608	561434
481608	620065
481608	642997
481608	648425
481608	682094
481608	695805
481608	721816
481608	746463
481608	797941
481608	821423
481608	857520
481608	911268
481608	912024
487229	90
487229	40573
487229	87778
487229	152376
487229	157076
487229	236583
487229	336174
487229	481608
487229	496029
487229	532139
487229	561434
487229	620065
487229	642997
487229	682094
487229	695805
487229	721816
487229	797941
487229	821423
487229	857520
496029	90
496029	40573
496029	87778
496029	152376
496029	157076
496029	236583
496029	336174
496029	481608
496029	487229
496029	532139
496029	561434
496029	620065
496029	642997
496029	682094
496029	695805
496029	721816
496029	797941
496029	821423
496029	857520
496029	912024
496029	915161
532139	90
532139	40573
532139	87778
532139	152376
532139	157076
532139	236583
532139	336174
532139	481608
532139	487229
532139	496029
532139	561434
532139	620065
532139	642997
532139	682094
532139	695805
532139	721816
532139	797941
532139	821423
532139	857520
561434	90
561434	40573
561434	87778
561434	152376
561434	157076
561434	236583
561434	336174
561434	481608
561434	487229
561434	496029
561434	532139
561434	620065
561434	642997
561434	682094
561434	695805
561434	721816
561434	797941
561434	821423
561434	857520
620065	90
620065	40573
620065	87778
620065	152376
620065	157076
620065	236583
620065	336174
620065	481608
620065	487229
620065	496029
620065	532139
620065	561434
620065	642997
620065	682094
620065	695805
620065	721816
620065	797941
620065	821423
620065	857520
642997	90
642997	40573
642997	87778
642997	152376
642997	157076
642997	236583
642997	336174
642997	481608
642997	487229
642997	496029
642997	532139
642997	561434
642997	620065
642997	682094
642997	695805
642997	721816
642997	797941
642997	821423
642997	857520
682094	90
682094	40573
682094	87778
682094	152376
682094	157076
682094	236583
682094	336174
682094	481608
682094	487229
682094	496029
682094	532139
682094	561434
682094	620065
682094	640209
682094	642997
682094	695805
682094	721816
682094	797941
682094	821423
682094	857520
695805	90
695805	40573
695805	87778
695805	152376
695805	157076
695805	236583
695805	336174
695805	481608
695805	487229
695805	496029
695805	532139
695805	561434
695805	620065
695805	642997
695805	682094
695805	721816
695805	797941
695805	821423
695805	857520
797941	90
797941	40573
797941	87778
797941	152376
797941	157076
797941	236583
797941	336174
797941	481608
797941	487229
797941	496029
797941	532139
797941	561434
797941	620065
797941	642997
797941	682094
797941	695805
797941	721816
797941	821423
797941	857520
821423	90
821423	40573
821423	87778
821423	152376
821423	157076
821423	236583
821423	336174
821423	481608
821423	487229
821423	496029
821423	532139
821423	561434
821423	617662
821423	620065
821423	642997
821423	682094
821423	695805
821423	721816
821423	797941
821423	857520
857520	90
857520	40573
857520	87778
857520	152376
857520	157076
857520	236583
857520	336174
857520	481608
857520	487229
857520	496029
857520	532139
857520	561434
857520	620065
857520	642997
857520	682094
857520	695805
857520	721816
857520	797941
857520	821423
91	106655
91	261111
91	463076
91	551291
91	557117
91	638384
91	769098
91	878156
91	878490
106655	91
106655	261111
106655	463076
106655	551291
106655	557117
106655	638384
106655	769098
106655	878156
106655	878490
261111	91
261111	106655
261111	463076
261111	551291
261111	557117
261111	638384
261111	769098
261111	878156
261111	878490
463076	91
463076	106655
463076	261111
463076	551291
463076	557117
463076	638384
463076	769098
463076	878156
463076	878490
551291	91
551291	106655
551291	261111
551291	463076
551291	557117
551291	638384
551291	769098
551291	878156
551291	878490
557117	91
557117	106655
557117	261111
557117	463076
557117	551291
557117	638384
557117	769098
557117	878156
557117	878490
638384	91
638384	106655
638384	261111
638384	463076
638384	551291
638384	557117
638384	769098
638384	878156
638384	878490
769098	91
769098	106655
769098	261111
769098	463076
769098	551291
769098	557117
769098	638384
769098	878156
769098	878490
878156	91
878156	106655
878156	261111
878156	463076
878156	551291
878156	557117
878156	638384
878156	769098
878156	878490
878490	91
878490	106655
878490	261111
878490	463076
878490	551291
878490	557117
878490	638384
878490	769098
878490	878156
93	118294
93	189575
93	504140
93	912352
118294	211566
118294	255317
118294	256779
118294	381340
118294	450495
118294	458585
118294	465491
118294	484275
118294	504140
118294	532481
118294	538810
118294	604948
118294	653567
118294	736122
118294	759274
118294	831835
118294	883446
189575	93
189575	118294
189575	504140
189575	688423
912352	93
912352	50940
912352	118294
912352	504140
94	56829
94	60543
94	103454
94	159782
94	220254
94	274403
94	311642
94	483657
94	583361
94	662954
94	772466
94	776354
94	801352
56829	60543
56829	181321
56829	288976
56829	308310
56829	606901
56829	772466
56829	801352
60543	34546
60543	111584
60543	113395
60543	286372
60543	479770
60543	502163
60543	550460
60543	666661
60543	673522
60543	674934
60543	772466
60543	869944
103454	60543
103454	133420
103454	331197
103454	436950
103454	500896
103454	772466
159782	60543
159782	490068
159782	772466
159782	908903
220254	14722
220254	60543
220254	755008
220254	772466
274403	60543
274403	772466
311642	60543
311642	772466
483657	60543
483657	772466
583361	60543
583361	772466
662954	60543
662954	772466
776354	60543
776354	772466
801352	60543
801352	772466
95	164036
95	213686
95	221648
95	240514
95	285814
95	339858
95	373025
95	476171
164036	220582
164036	273593
164036	285814
164036	460813
164036	497692
164036	679922
164036	711307
164036	905635
213686	95
213686	138412
213686	143414
213686	240514
213686	285814
213686	719644
221648	114894
221648	125318
221648	343872
221648	607950
221648	711307
221648	719644
221648	733076
221648	810769
240514	95
240514	213686
240514	285814
240514	362103
240514	395810
285814	95
285814	5004
285814	10359
285814	25197
285814	32823
285814	33461
285814	36102
285814	47485
285814	53485
285814	55717
285814	57617
285814	71643
285814	74004
285814	74727
285814	75773
285814	81187
285814	83029
285814	89853
285814	96745
285814	114894
285814	119506
285814	123557
285814	126127
285814	134208
285814	135470
285814	137349
285814	138412
285814	142726
285814	142932
285814	143414
285814	144678
285814	148489
285814	149055
285814	161690
285814	164036
285814	169551
285814	183092
285814	184464
285814	193122
285814	194944
285814	195274
285814	196499
285814	199620
285814	201974
285814	202324
285814	204534
285814	211571
285814	213358
285814	213686
285814	215252
285814	217297
285814	227895
285814	228004
285814	235848
285814	238993
285814	239637
285814	240514
285814	241909
285814	242220
285814	242344
285814	253096
285814	255767
285814	265644
285814	270979
285814	270982
285814	272413
285814	273593
285814	286149
285814	290362
285814	295742
285814	296131
285814	296227
285814	297291
285814	309024
285814	325575
285814	326105
285814	331186
285814	336810
285814	342760
285814	349585
285814	354273
285814	359784
285814	362103
285814	363411
285814	364390
285814	373025
285814	382702
285814	387029
285814	388298
285814	393873
285814	394729
285814	395810
285814	396216
285814	398415
285814	398769
285814	405740
285814	406607
285814	408582
285814	415566
285814	419202
285814	419645
285814	420476
285814	422291
285814	424368
285814	434045
285814	436142
285814	436481
285814	450821
285814	453281
285814	454526
285814	460813
285814	462860
285814	463186
285814	465058
285814	465385
285814	467760
285814	471375
285814	471572
285814	474774
285814	481726
285814	482899
285814	485450
285814	486345
285814	490040
285814	500847
285814	511094
285814	521610
285814	525973
285814	531805
285814	532929
285814	534076
285814	536303
285814	550358
285814	557236
285814	557330
285814	571562
285814	581059
285814	581185
285814	581296
285814	581413
285814	589874
285814	599722
285814	603341
285814	607082
285814	607950
285814	609026
285814	620182
285814	633042
285814	634569
285814	636692
285814	643965
285814	644267
285814	647041
285814	648186
285814	653104
285814	657059
285814	660827
285814	662013
285814	671056
285814	674172
285814	679922
285814	688227
285814	694389
285814	706404
285814	712373
285814	717474
285814	719206
285814	719644
285814	724451
285814	729825
285814	733172
285814	739945
285814	744540
285814	745128
285814	756294
285814	762037
285814	763163
285814	767883
285814	772501
285814	772695
285814	783428
285814	785419
285814	787643
285814	791922
285814	804510
285814	810126
285814	811224
285814	811872
285814	812294
285814	813761
285814	818510
285814	823485
285814	824739
285814	826248
285814	830637
285814	834033
285814	835240
285814	840155
285814	842931
285814	844937
285814	846635
285814	851061
285814	877694
285814	881017
285814	884992
285814	894729
285814	900012
285814	901709
285814	905839
285814	906763
339858	31918
339858	102971
339858	114894
339858	182381
339858	346752
339858	364010
339858	470788
339858	514111
339858	585953
339858	587058
339858	627899
339858	864060
373025	213358
373025	285814
373025	471375
373025	471572
373025	609026
373025	662013
476171	95
96	27924
96	68439
96	148036
96	157509
96	179042
96	199839
96	207535
96	380727
96	444873
96	445593
96	466390
96	483570
96	505631
96	651929
96	733683
96	783215
96	807567
96	896419
27924	96
27924	148036
27924	179042
27924	199839
27924	896419
68439	27924
68439	104968
68439	148036
68439	161793
68439	169436
68439	179042
68439	199839
68439	240042
68439	312732
68439	416435
68439	681235
68439	785112
68439	896419
148036	96
148036	1052
148036	27924
148036	78021
148036	179042
148036	179479
148036	199839
148036	207535
148036	392281
148036	505631
148036	557124
148036	807567
148036	843830
148036	847056
148036	862341
148036	896419
157509	27924
157509	148036
157509	179042
157509	199839
157509	557124
157509	896419
179042	27924
179042	148036
179042	199839
179042	896419
199839	27924
199839	148036
199839	179042
199839	619389
199839	896419
207535	27924
207535	148036
207535	179042
207535	199839
207535	896419
380727	27924
380727	78021
380727	148036
380727	179042
380727	199839
380727	794232
380727	896419
444873	27924
444873	148036
444873	179042
444873	199839
444873	783215
444873	896419
445593	27924
445593	148036
445593	179042
445593	199839
445593	416435
445593	896419
466390	27924
466390	148036
466390	179042
466390	199839
466390	896419
483570	27924
483570	148036
483570	179042
483570	199839
483570	896419
505631	27924
505631	148036
505631	179042
505631	199839
505631	896419
651929	27924
651929	148036
651929	179042
651929	199839
651929	896419
733683	27924
733683	59448
733683	148036
733683	179042
733683	199839
733683	557124
733683	880087
733683	896419
783215	27924
783215	68439
783215	148036
783215	179042
783215	199839
783215	444873
783215	557124
783215	733683
783215	896419
807567	27924
807567	148036
807567	179042
807567	199839
807567	896419
896419	96
896419	27924
896419	148036
896419	199839
896419	794232
97	434133
97	504140
434133	77079
434133	148930
434133	207836
434133	275483
434133	418266
434133	569756
434133	773120
434133	862761
99	335098
99	525713
99	708467
99	729831
99	751408
99	852547
525713	20072
525713	21018
525713	78603
525713	182327
525713	182413
525713	229271
525713	337578
525713	348558
525713	378056
525713	475501
525713	567536
525713	582010
525713	587115
525713	604718
525713	637580
525713	642854
525713	658075
525713	685256
525713	800736
525713	849077
525713	860455
525713	877557
708467	117887
708467	214091
708467	408918
708467	821964
729831	704396
729831	821964
729831	832371
729831	912983
751408	99
751408	32287
751408	59563
751408	86818
751408	117887
751408	138625
751408	197349
751408	214091
751408	510861
751408	580079
751408	626008
751408	704396
751408	708467
751408	729831
751408	733281
751408	781110
751408	821964
751408	903865
852547	4051
852547	136395
852547	215903
852547	230182
852547	305236
852547	379480
852547	460817
852547	559900
852547	621999
852547	747148
852547	832402
101	132198
101	150432
101	242339
101	297892
101	331855
101	482167
101	505991
101	676971
101	677084
101	901704
132198	150432
132198	242339
132198	297892
132198	331855
132198	482167
132198	505991
132198	676971
132198	677084
132198	901704
150432	132198
150432	242339
150432	297892
150432	331855
150432	482167
150432	505991
150432	676971
150432	677084
150432	740386
150432	901704
242339	132198
242339	150432
242339	297892
242339	331855
242339	482167
242339	505991
242339	676971
242339	677084
242339	901704
297892	132198
297892	150432
297892	242339
297892	331855
297892	482167
297892	505991
297892	676971
297892	677084
297892	901704
331855	132198
331855	150432
331855	242339
331855	297892
331855	482167
331855	505991
331855	676971
331855	677084
331855	901704
482167	132198
482167	150432
482167	242339
482167	297892
482167	331855
482167	505991
482167	676971
482167	677084
482167	901704
505991	132198
505991	150432
505991	242339
505991	297892
505991	331855
505991	482167
505991	676971
505991	677084
505991	696236
505991	708692
505991	901704
676971	101
676971	132198
676971	150432
676971	242339
676971	297892
676971	331855
676971	482167
676971	505991
676971	677084
676971	901704
677084	141266
677084	211982
677084	396554
677084	557124
677084	570905
677084	753523
901704	132198
901704	150432
901704	242339
901704	297892
901704	331855
901704	482167
901704	505991
901704	676971
901704	677084
102	493731
102	590960
102	735590
102	769753
493731	102
493731	590960
493731	735590
493731	769753
590960	102
590960	493731
590960	735590
590960	769753
735590	102
735590	493731
735590	590960
735590	769753
769753	102
769753	493731
769753	590960
769753	735590
103	142218
103	336700
103	623548
103	720240
103	821098
103	840920
142218	103
142218	118216
142218	173976
142218	336700
142218	609897
142218	623548
142218	732960
142218	821098
336700	2050
336700	10702
336700	72330
336700	142218
336700	171933
336700	306738
336700	406957
336700	415126
336700	502512
336700	528517
336700	623548
336700	685499
336700	687767
336700	725857
336700	790479
336700	821098
623548	142218
623548	295620
623548	336700
623548	342170
623548	397898
623548	402513
623548	507300
623548	626220
623548	821098
623548	862450
623548	871505
720240	534206
720240	814292
720240	814406
821098	118216
821098	123553
821098	142218
821098	336700
821098	597843
821098	623548
840920	120435
840920	144583
840920	173976
840920	287784
840920	428908
840920	500535
840920	614053
840920	625213
840920	639996
840920	708711
840920	760073
840920	800977
840920	874979
840920	897471
840920	904234
105	452802
105	550365
105	715883
105	915376
452802	105
452802	42484
452802	58671
452802	91064
452802	104929
452802	105876
452802	114065
452802	125239
452802	148055
452802	149383
452802	156324
452802	160009
452802	162667
452802	175986
452802	230591
452802	275298
452802	286174
452802	300056
452802	304122
452802	314241
452802	321131
452802	326349
452802	327470
452802	337387
452802	361559
452802	366956
452802	395193
452802	437293
452802	447536
452802	466127
452802	470848
452802	478132
452802	550365
452802	574850
452802	578449
452802	620335
452802	715883
452802	717097
452802	720814
452802	725228
452802	730309
452802	750299
452802	779644
452802	797326
452802	838221
452802	844842
452802	850615
452802	852367
452802	892925
452802	901727
452802	914933
452802	915376
550365	149383
550365	202041
550365	252263
550365	300056
550365	321131
550365	395193
550365	452802
550365	587231
550365	632958
550365	715883
550365	720814
550365	844842
550365	915376
715883	243947
715883	648441
715883	648543
715883	915953
915376	159118
915376	290567
915376	300056
915376	395193
915376	505045
915376	532430
915376	550365
915376	667146
915376	708151
915376	861722
106	46965
106	177313
106	230899
106	270657
106	324502
106	368492
106	426196
106	447743
106	489415
106	492644
106	512496
106	587644
106	625517
106	657800
106	721961
106	763903
106	884459
106	909643
106	911932
46965	106
46965	177313
46965	230899
46965	276884
46965	324502
46965	368492
46965	397766
46965	447743
46965	455572
46965	489415
46965	492644
46965	550566
46965	587644
46965	625517
46965	634667
46965	657800
46965	672332
46965	772367
46965	884459
46965	909643
177313	106
177313	46965
177313	90064
177313	193250
177313	230899
177313	231366
177313	324502
177313	368492
177313	447743
177313	489379
177313	489415
177313	492644
177313	587644
177313	625517
177313	657800
177313	732543
177313	792014
177313	884459
177313	909643
230899	106
230899	26248
230899	46965
230899	69404
230899	90064
230899	98936
230899	149752
230899	177313
230899	230789
230899	231366
230899	238971
230899	276884
230899	286247
230899	311501
230899	324502
230899	368492
230899	397443
230899	397766
230899	413394
230899	413847
230899	447743
230899	489415
230899	492644
230899	505853
230899	587644
230899	625517
230899	634667
230899	657800
230899	679598
230899	708233
230899	732543
230899	763903
230899	765209
230899	772367
230899	773010
230899	786855
230899	792014
230899	857293
230899	884459
230899	887690
230899	909643
230899	911932
270657	106
270657	26248
270657	46965
270657	177313
270657	230899
270657	286247
270657	324502
270657	368492
270657	413847
270657	447743
270657	489415
270657	492644
270657	587644
270657	602285
270657	625517
270657	657800
270657	708233
270657	721961
270657	763903
270657	884459
270657	909643
324502	6658
324502	93804
324502	250114
324502	281877
324502	297023
324502	309655
324502	499197
324502	505618
324502	510612
324502	513400
324502	549827
324502	559008
324502	595969
324502	620805
324502	647018
324502	648867
324502	684844
324502	721116
324502	764307
324502	780537
324502	850176
324502	856637
324502	896784
368492	106
368492	46965
368492	98936
368492	140204
368492	149752
368492	177313
368492	230899
368492	311501
368492	324502
368492	397766
368492	447743
368492	489415
368492	492644
368492	505853
368492	587644
368492	625517
368492	657800
368492	679598
368492	884459
368492	909643
426196	106
426196	46965
426196	158902
426196	177313
426196	230899
426196	324502
426196	368492
426196	447743
426196	489415
426196	492644
426196	512496
426196	587644
426196	625517
426196	657800
426196	721961
426196	763903
426196	884459
426196	909643
426196	911932
447743	106
447743	46965
447743	177313
447743	201635
447743	230899
447743	324502
447743	368492
447743	403923
447743	489415
447743	492644
447743	587644
447743	625517
447743	657800
447743	884459
447743	909643
489415	106
489415	46965
489415	177313
489415	230899
489415	324502
489415	368492
489415	447743
489415	492644
489415	587644
489415	625517
489415	657800
489415	884459
489415	909643
492644	106
492644	26248
492644	46965
492644	177313
492644	201635
492644	230899
492644	270657
492644	286247
492644	324502
492644	368492
492644	403923
492644	413847
492644	416750
492644	447743
492644	489415
492644	587644
492644	625517
492644	657800
492644	708233
492644	721961
492644	763903
492644	884459
492644	909643
492644	911932
512496	324502
512496	447743
512496	489415
512496	587644
512496	721961
512496	763903
512496	909643
512496	911932
587644	106
587644	46965
587644	177313
587644	230899
587644	231366
587644	324502
587644	368492
587644	447743
587644	489415
587644	492644
587644	579216
587644	602285
587644	625517
587644	657800
587644	763903
587644	767053
587644	797849
587644	807997
587644	884459
587644	909643
587644	911932
625517	106
625517	46965
625517	177313
625517	230789
625517	230899
625517	238971
625517	324502
625517	368492
625517	397443
625517	413394
625517	447743
625517	489415
625517	492644
625517	530954
625517	587644
625517	629764
625517	634667
625517	657800
625517	884459
625517	909643
657800	90064
657800	132559
657800	324502
657800	397443
657800	413847
657800	447743
657800	489415
657800	587644
657800	765209
657800	857293
657800	887690
657800	909643
721961	106
721961	324502
721961	426196
721961	447743
721961	489415
721961	512496
721961	587644
721961	763903
721961	909643
721961	911932
763903	106
763903	26248
763903	46965
763903	177313
763903	230899
763903	286247
763903	324502
763903	368492
763903	413847
763903	416750
763903	447743
763903	489415
763903	587644
763903	625517
763903	657800
763903	708233
763903	721961
763903	884459
763903	909643
884459	106
884459	26248
884459	46965
884459	140204
884459	177313
884459	230899
884459	324502
884459	368492
884459	397443
884459	413847
884459	416750
884459	447743
884459	489415
884459	492644
884459	587644
884459	625517
884459	657800
884459	708233
884459	721961
884459	773010
884459	909643
884459	911932
909643	106
909643	46965
909643	71747
909643	90064
909643	140204
909643	149752
909643	177313
909643	193250
909643	201635
909643	230789
909643	230899
909643	231366
909643	238971
909643	270657
909643	276884
909643	286247
909643	311501
909643	324502
909643	368492
909643	397766
909643	403923
909643	413394
909643	413847
909643	416750
909643	447743
909643	455572
909643	489379
909643	489415
909643	492644
909643	512496
909643	579216
909643	587644
909643	602285
909643	625517
909643	634667
909643	657800
909643	708233
909643	721961
909643	732543
909643	763903
909643	772367
909643	773010
909643	786855
909643	792014
909643	807997
909643	857293
909643	884459
909643	887690
909643	911932
911932	106
911932	11448
911932	46965
911932	140204
911932	177313
911932	230899
911932	231366
911932	324502
911932	368492
911932	397443
911932	413847
911932	447743
911932	489415
911932	492644
911932	579216
911932	587644
911932	602285
911932	625517
911932	657800
911932	773010
911932	890861
911932	909643
107	158812
107	321772
107	350590
107	357339
107	479581
107	861157
107	897146
107	913640
158812	107
158812	350590
158812	357339
158812	479581
158812	861157
158812	897146
158812	913640
321772	107
321772	158812
321772	350590
321772	357339
321772	479581
321772	861157
321772	897146
321772	913640
350590	107
350590	17209
350590	158812
350590	219666
350590	221378
350590	321772
350590	324555
350590	357339
350590	479581
350590	736279
350590	742147
350590	848870
350590	852121
350590	861157
350590	864337
350590	897146
350590	911935
350590	913640
357339	107
357339	158812
357339	350590
357339	479581
357339	861157
357339	897146
357339	913640
479581	107
479581	158812
479581	350590
479581	357339
479581	852121
479581	861157
479581	897146
479581	911935
479581	913640
861157	107
861157	17209
861157	158812
861157	219666
861157	321772
861157	350590
861157	357339
861157	479581
861157	736279
861157	742147
861157	848870
861157	897146
861157	913640
897146	107
897146	158812
897146	221378
897146	324555
897146	350590
897146	357339
897146	479581
897146	861157
897146	864337
897146	913640
913640	107
913640	158812
913640	350590
913640	357339
913640	479581
913640	861157
913640	897146
108	101821
108	303790
108	540930
108	574730
108	596374
101821	108
101821	98207
101821	303790
101821	540930
101821	574730
101821	596374
303790	108
303790	101821
303790	312012
303790	375960
303790	540930
303790	574730
303790	596374
540930	108
540930	101821
540930	303790
540930	574730
540930	596374
574730	108
574730	60355
574730	101821
574730	303790
574730	540930
574730	596374
596374	108
596374	101821
596374	303790
596374	540930
596374	574730
109	817585
110	6345
110	12976
110	79168
110	114401
110	151110
110	162345
110	201187
110	246187
110	292327
110	297478
110	324763
110	360463
110	369227
110	393160
110	397000
110	500522
110	530015
110	532398
110	673406
110	690788
110	705657
110	725879
110	822200
110	828963
6345	110
6345	79168
6345	114401
6345	162345
6345	246187
6345	324763
6345	360463
6345	369227
6345	384934
6345	393160
6345	457962
6345	500522
6345	532398
6345	576575
6345	690788
6345	705657
6345	725879
6345	804635
6345	828963
12976	151110
79168	6345
79168	77006
79168	114401
79168	146139
79168	192718
79168	306636
79168	324763
79168	359086
79168	369227
79168	393160
79168	397000
79168	532398
79168	690788
79168	705657
79168	828160
79168	828963
79168	884794
114401	6345
114401	79168
114401	131111
114401	146777
114401	148037
114401	297478
114401	299471
114401	311534
114401	324763
114401	359086
114401	369227
114401	384934
114401	393160
114401	397000
114401	457962
114401	517224
114401	530015
114401	532398
114401	558752
114401	584985
114401	685946
114401	690788
114401	705657
114401	828963
114401	899385
162345	110
162345	6345
162345	79168
162345	114401
162345	241500
162345	246187
162345	324763
162345	360463
162345	369227
162345	393160
162345	500522
162345	532398
162345	636590
162345	690788
162345	705657
162345	725879
162345	828963
201187	15034
201187	25721
201187	145597
201187	239433
201187	242587
201187	295273
201187	297052
201187	315522
201187	413079
201187	431613
201187	448074
201187	466207
201187	549861
201187	700012
201187	782247
201187	819090
201187	828963
201187	854798
246187	110
246187	6345
246187	79168
246187	114401
246187	133746
246187	162345
246187	324763
246187	360463
246187	369227
246187	393160
246187	440197
246187	500522
246187	532398
246187	690788
246187	705657
246187	725879
246187	828963
292327	151110
297478	283072
297478	799773
324763	6345
324763	79168
324763	85294
324763	114401
324763	135232
324763	227131
324763	241760
324763	268963
324763	282760
324763	359086
324763	369227
324763	393160
324763	397000
324763	413495
324763	498230
324763	530015
324763	532398
324763	565746
324763	605433
324763	654313
324763	669759
324763	690788
324763	705657
324763	784006
324763	821298
324763	828963
324763	846204
324763	855804
324763	860581
360463	110
360463	6345
360463	79168
360463	114401
360463	114500
360463	162345
360463	246187
360463	261641
360463	324763
360463	369227
360463	393160
360463	396903
360463	500522
360463	532398
360463	646225
360463	690788
360463	705657
360463	725879
360463	828963
369227	6345
369227	79168
369227	85294
369227	114401
369227	241760
369227	299365
369227	324763
369227	393160
369227	521289
369227	532398
369227	690788
369227	705657
369227	828963
369227	846204
369227	849456
369227	873551
393160	135278
393160	151330
393160	261641
393160	442950
393160	517224
393160	657482
393160	705657
393160	750954
393160	828963
393160	856060
500522	110
500522	6345
500522	79168
500522	114401
500522	162345
500522	246187
500522	261641
500522	324763
500522	358093
500522	360463
500522	369227
500522	393160
500522	532398
500522	690788
500522	705657
500522	713170
500522	725879
500522	828963
530015	11160
530015	36235
530015	87472
530015	152456
530015	261641
530015	343126
530015	359599
530015	394102
530015	447381
530015	492065
530015	530746
530015	540862
530015	591785
530015	702112
530015	705657
530015	714543
530015	828963
532398	110
532398	6345
532398	77006
532398	79168
532398	94128
532398	114401
532398	146139
532398	151330
532398	162345
532398	182651
532398	192718
532398	241500
532398	241760
532398	246187
532398	306636
532398	324763
532398	358093
532398	360463
532398	369227
532398	384934
532398	393160
532398	457962
532398	500522
532398	517224
532398	530203
532398	563561
532398	576575
532398	690788
532398	705657
532398	713170
532398	725879
532398	828160
532398	828963
532398	846204
532398	849456
532398	860623
532398	884794
673406	134949
673406	261252
673406	330550
673406	396873
673406	440001
673406	597318
673406	597840
673406	890766
690788	6345
690788	79168
690788	94128
690788	114401
690788	241500
690788	314543
690788	322958
690788	324763
690788	369227
690788	393160
690788	532398
690788	705657
690788	828963
705657	117695
705657	261641
705657	343126
705657	413495
705657	593391
705657	615917
705657	669278
705657	796373
705657	828963
705657	878045
705657	896025
725879	110
725879	6345
725879	79168
725879	114401
725879	162345
725879	246187
725879	324763
725879	359086
725879	360463
725879	369227
725879	393160
725879	500522
725879	532398
725879	576575
725879	690788
725879	705657
725879	828963
822200	12976
822200	34216
822200	48318
822200	54596
822200	63660
822200	82812
822200	85208
822200	97212
822200	102048
822200	122706
822200	124582
822200	136155
822200	157085
822200	177008
822200	177418
822200	185976
822200	190644
822200	231387
822200	261356
822200	265094
822200	268119
822200	283824
822200	292327
822200	294577
822200	312350
822200	347132
822200	363091
822200	365281
822200	400899
822200	403394
822200	410110
822200	430648
822200	432071
822200	442075
822200	446003
822200	458804
822200	460586
822200	468089
822200	470016
822200	471897
822200	483977
822200	487561
822200	490482
822200	495413
822200	498668
822200	510469
822200	512298
822200	515926
822200	530746
822200	534937
822200	539811
822200	541833
822200	554854
822200	568114
822200	572356
822200	596246
822200	598275
822200	600180
822200	606216
822200	618742
822200	628874
822200	640808
822200	643774
822200	644725
822200	647484
822200	651507
822200	657585
822200	658226
822200	660729
822200	682115
822200	682440
822200	688844
822200	690876
822200	691901
822200	708144
822200	715345
822200	717395
822200	743057
822200	775295
822200	796435
822200	805611
822200	806062
822200	815280
822200	821421
822200	824638
822200	827308
822200	828963
822200	856570
822200	866694
822200	874867
822200	887937
822200	900018
822200	909217
828963	10778
828963	287235
828963	363791
828963	526201
828963	544669
828963	603849
828963	822200
111	7314
111	48423
111	107882
111	170472
111	185348
111	223935
111	254910
111	267462
111	285506
111	332305
111	482254
111	562003
